name: tfod
channels:
  - conda-forge
  - defaults
dependencies:
  - asttokens=3.0.0=pyhd8ed1ab_1
  - bzip2=1.0.8=h2bbff1b_6
  - ca-certificates=2026.1.4=h4c7d964_0
  - colorama=0.4.6=pyhd8ed1ab_1
  - comm=0.2.3=pyhe01879c_0
  - cpython=3.9.23=py39hd8ed1ab_0
  - debugpy=1.8.16=py39h1f3cc84_0
  - decorator=5.2.1=pyhd8ed1ab_0
  - exceptiongroup=1.3.0=pyhd8ed1ab_0
  - executing=2.2.0=pyhd8ed1ab_0
  - expat=2.7.4=hd7fb8db_0
  - ipykernel=6.30.1=pyh3521513_0
  - ipython=8.18.1=pyh7428d3b_3
  - jedi=0.19.2=pyhd8ed1ab_1
  - jupyter_client=8.6.3=pyhd8ed1ab_1
  - jupyter_core=5.8.1=pyh5737063_0
  - krb5=1.21.3=hdf4eb48_0
  - libexpat=2.7.4=hd7fb8db_0
  - libffi=3.4.4=hd77b12b_1
  - libsodium=1.0.20=hc70643c_0
  - libzlib=1.3.1=h02ab6af_0
  - matplotlib-inline=0.1.7=pyhd8ed1ab_1
  - nest-asyncio=1.6.0=pyhd8ed1ab_1
  - openssl=3.6.1=hf411b9b_1
  - packaging=26.0=pyhcf101f3_0
  - parso=0.8.4=pyhd8ed1ab_1
  - pickleshare=0.7.5=pyhd8ed1ab_1004
  - pip=26.0.1=pyhc872135_0
  - platformdirs=4.3.8=pyhe01879c_0
  - prompt-toolkit=3.0.51=pyha770c72_0
  - psutil=7.0.0=py39ha55e580_0
  - pure_eval=0.2.3=pyhd8ed1ab_1
  - pygments=2.19.2=pyhd8ed1ab_0
  - python=3.9.25=h716150d_1
  - python-dateutil=2.9.0.post0=pyhe01879c_2
  - python_abi=3.9=2_cp39
  - pywin32=311=py39h5fb4b08_0
  - pyzmq=27.0.2=py39h248659b_0
  - six=1.17.0=pyhe01879c_1
  - sqlite=3.51.1=hda9a48d_0
  - stack_data=0.6.3=pyhd8ed1ab_1
  - tk=8.6.15=hf199647_0
  - tornado=6.5.2=py39h0802e32_0
  - traitlets=5.14.3=pyhd8ed1ab_1
  - typing_extensions=4.14.1=pyhe01879c_0
  - tzdata=2025c=he532380_0
  - ucrt=10.0.22621.0=haa95532_0
  - vc=14.3=h2df5915_10
  - vc14_runtime=14.44.35208=h4927774_10
  - vs2015_runtime=14.44.35208=ha6b5a95_10
  - wcwidth=0.2.13=pyhd8ed1ab_1
  - xz=5.6.4=h4754444_1
  - zeromq=4.3.5=h5bddc39_9
  - zipp=3.23.0=pyhd8ed1ab_0
  - zlib=1.3.1=h02ab6af_0
  - pip:
      - absl-py==2.3.1
      - aiomysql==0.3.2
      - annotated-doc==0.0.4
      - annotated-types==0.7.0
      - anyio==4.12.1
      - astunparse==1.6.3
      - certifi==2026.1.4
      - cffi==2.0.0
      - charset-normalizer==3.4.4
      - click==8.1.8
      - cryptography==45.0.7
      - cycler==0.12.1
      - et-xmlfile==2.0.0
      - fastapi==0.128.8
      - flatbuffers==25.12.19
      - fonttools==4.60.2
      - gast==0.4.0
      - google-auth==2.48.0
      - google-auth-oauthlib==1.0.0
      - google-pasta==0.2.0
      - greenlet==3.2.4
      - grpcio==1.74.0
      - h11==0.16.0
      - h5py==3.14.0
      - httpcore==1.0.9
      - httpx==0.28.1
      - idna==3.11
      - importlib-metadata==8.7.1
      - jinja2==3.1.6
      - keras==2.13.1
      - kiwisolver==1.4.7
      - libclang==18.1.1
      - lxml==6.0.2
      - mariadb==1.1.14
      - markdown==3.9
      - markupsafe==3.0.3
      - matplotlib==3.5.3
      - numpy==2.0.2
      - oauthlib==3.3.1
      - olefile==0.47
      - opencv-python==4.13.0.92
      - openpyxl==3.1.5
      - opt-einsum==3.4.0
      - pillow==11.3.0
      - protobuf==4.21.12
      - pyasn1==0.6.2
      - pyasn1-modules==0.4.2
      - pycparser==2.23
      - pydantic==2.12.5
      - pydantic-core==2.41.5
      - pymysql==1.1.2
      - pyparsing==3.3.2
      - pypdf2==3.0.1
      - python-docx==1.2.0
      - python-dotenv==1.2.1
      - python-multipart==0.0.20
      - python-pptx==1.0.2
      - requests==2.32.5
      - requests-oauthlib==2.0.0
      - rsa==4.9.1
      - setuptools==82.0.0
      - sqlalchemy==2.0.46
      - starlette==0.49.3
      - tensorboard==2.13.0
      - tensorboard-data-server==0.7.2
      - tensorflow==2.13.0
      - tensorflow-estimator==2.13.0
      - tensorflow-intel==2.13.0
      - tensorflow-io-gcs-filesystem==0.31.0
      - termcolor==3.1.0
      - tf-slim==1.1.0
      - typing-extensions==4.5.0
      - typing-inspection==0.4.2
      - urllib3==2.6.3
      - uvicorn==0.39.0
      - werkzeug==3.1.5
      - wheel==0.46.3
      - wrapt==2.1.1
      - xlsxwriter==3.2.9
prefix: C:\Users\2Class_001\anaconda3\envs\tfod
